id,Year,Month,Day,Seconds,Pr_mm,PotEvap_mm,Temp_c
0,2017,12,31,1,0,0,0
1,2018,1,1,1,1.399999976,3.799999952,-5
2,2018,1,2,1,47.59999847,5.5,-4
3,2018,1,3,1,0,4.900000095,-3
4,2018,1,4,1,0,4.699999809,-2
5,2018,1,5,1,0,5.699999809,-1
6,2018,1,6,1,0,6,0
7,2018,1,7,1,0,7.199999809,1
8,2018,1,8,1,0,4.099999905,2
9,2018,1,9,1,2.099999905,6.099999905,3
10,2018,1,10,1,11.60000038,5.599999905,4
11,2018,1,11,1,0,6.800000191,5
12,2018,1,12,1,0,6.800000191,6
13,2018,1,13,1,0,4.699999809,7
14,2018,1,14,1,48.09999847,0.600000024,8
15,2018,1,15,1,65.80000305,0,9
16,2018,1,16,1,1.600000024,3.299999952,10
17,2018,1,17,1,7.800000191,0.899999976,11
18,2018,1,18,1,0,2.900000095,12
19,2018,1,19,1,0,4.599999905,13
20,2018,1,20,1,0,6.099999905,14
21,2018,1,21,1,0,4.5,15
22,2018,1,22,1,0,5.599999905,16
23,2018,1,23,1,0,5.300000191,17
24,2018,1,24,1,4,2,18
25,2018,1,25,1,0,3,19
26,2018,1,26,1,0,3.799999952,20
27,2018,1,27,1,0,4.800000191,21
28,2018,1,28,1,0,5.5,22
29,2018,1,29,1,4,5.199999809,23
30,2018,1,30,1,5,6.599999905,24
